Static
7

Direct coding
0	0	0	0	0	0	0	0	0	0	0	0	0	0	0	0	0	0	0	0	0	0	0	0	0	0	0	0	0	0	0	1	0	0	0	0	0	0	1	0	0	0	0	0	0	0	1	0	0	1	1	1	0	1	0	0	0	0	1	0	0	1	1	1	0	1	1	0	1	0	1	0	0	0	0	1	0	1	1	0	0	1	0	0	0	1	1	1	1	1	0	1	1	0	1	0	1	0	0	1	

Total weights
11490	13642	10807	12930	13402	

Status
1

Objective
20987


Static
9

Direct coding
0	0	0	1	0	0	0	1	1	0	1	0	0	0	0	0	0	0	0	0	0	0	0	1	0	0	1	0	0	1	0	1	0	0	0	0	0	0	0	1	0	1	0	0	0	0	0	0	0	0	0	0	0	0	1	0	0	0	0	0	1	1	0	0	1	0	0	0	0	0	0	0	0	1	0	0	1	0	1	1	1	0	0	0	1	0	0	0	0	0	0	0	1	0	1	0	0	0	1	0	

Total weights
11878	13387	11512	12351	13029	

Status
1

Objective
20987


Static
4

Direct coding
0	1	0	1	1	0	1	0	1	0	0	0	1	0	0	0	0	0	1	0	0	0	0	1	0	0	1	0	1	1	0	1	0	0	1	0	0	0	0	0	0	0	0	1	0	0	0	0	0	1	0	0	0	0	0	0	1	0	0	0	0	1	1	0	0	1	1	0	1	0	0	0	0	0	0	0	1	0	1	0	0	0	0	0	0	1	0	0	0	1	0	0	1	0	0	0	0	0	1	0	

Total weights
10272	13253	11534	11695	10431	

Status
1

Objective
20233


Dynamic
4

Direct coding
0	1	0	1	1	0	1	0	1	0	0	0	0	0	0	1	0	0	0	0	0	0	0	1	0	0	1	0	1	1	0	1	0	0	1	0	0	0	0	0	0	0	0	1	0	0	0	0	0	1	0	0	0	0	0	0	1	0	0	0	0	0	1	0	0	1	1	0	1	0	0	0	0	0	0	0	1	0	1	0	0	0	0	0	0	1	0	0	0	1	0	1	1	0	0	0	0	0	1	0	

Total weights
10842	12588	11514	11918	9631	

Status
1

Objective
19780


Dynamic
7

Direct coding
0	1	0	1	0	0	0	1	1	0	1	0	0	0	0	0	0	0	0	0	0	0	0	1	0	0	1	0	0	1	0	0	0	0	0	0	0	0	0	1	0	1	0	0	0	0	0	0	0	0	0	0	0	0	1	0	0	0	0	0	1	0	0	1	1	0	0	0	0	0	0	0	0	1	0	0	1	0	1	1	1	0	0	0	1	0	0	0	0	0	0	0	1	0	0	0	0	0	1	0	

Total weights
11919	13396	11498	11384	11837	

Status
1

Objective
19696


Dynamic
9

Direct coding
0	1	0	1	0	0	0	1	1	0	1	0	0	0	0	0	0	0	0	0	0	0	0	1	0	0	1	0	0	1	0	0	0	0	0	0	0	0	0	1	0	1	0	0	0	0	0	0	0	0	0	0	0	0	1	0	0	0	0	0	1	0	0	1	1	0	0	0	0	0	0	0	0	1	0	0	1	0	1	1	1	0	0	0	1	0	0	0	0	0	0	0	1	0	0	0	0	0	1	0	

Total weights
11919	13396	11498	11384	11837	

Status
1

Objective
19696


Static
2

Direct coding
0	0	0	1	0	0	0	0	0	0	1	0	0	0	0	1	0	0	0	0	0	0	0	0	0	0	1	0	0	0	0	0	0	0	1	0	0	0	0	1	0	1	1	0	0	0	0	1	0	0	0	0	0	0	1	0	1	0	0	0	1	0	0	0	0	0	0	0	0	0	0	0	0	0	0	0	1	0	0	1	1	0	1	0	1	0	0	0	0	0	0	1	0	0	0	0	0	0	1	0	

Total weights
11542	12240	11546	12903	11401	

Status
1

Objective
18166


Dynamic
2

Direct coding
0	0	0	1	0	0	0	0	0	0	1	0	0	0	0	1	0	0	0	0	0	0	0	0	0	0	1	0	0	0	0	0	0	0	1	0	0	0	0	1	0	1	1	0	0	0	0	1	0	0	0	0	0	0	1	0	1	0	0	0	1	0	0	0	0	0	0	0	0	0	0	0	0	0	0	0	1	0	0	1	1	0	1	0	1	0	0	0	0	0	0	1	0	0	0	0	0	0	1	0	

Total weights
11542	12240	11546	12903	11401	

Status
1

Objective
18166


Dynamic
1

Direct coding
0	0	0	0	0	0	1	0	0	0	0	0	0	0	0	0	0	1	1	1	1	0	0	0	1	1	0	1	0	0	0	1	0	0	0	0	0	0	0	0	0	0	0	0	0	0	0	0	0	0	0	0	1	0	0	0	0	1	1	1	0	1	1	0	0	1	0	0	0	1	0	1	0	0	0	0	1	1	1	0	0	0	1	1	0	1	0	0	0	0	0	0	0	0	1	0	1	0	0	0	

Total weights
11897	13620	11318	11401	13040	

Status
1

Objective
17948


Static
1

Direct coding
0	0	0	0	0	0	1	0	1	0	0	0	0	0	0	0	0	0	1	1	1	0	0	0	1	1	0	1	0	0	0	1	0	0	0	0	0	0	0	0	0	0	0	0	0	0	0	0	0	0	0	0	0	0	0	0	0	1	1	1	0	1	1	0	0	1	0	0	0	1	0	1	0	0	0	0	1	1	1	0	0	0	1	1	0	1	0	0	0	1	0	0	0	0	1	0	1	0	0	0	

Total weights
11744	13591	10439	11157	13211	

Status
1

Objective
17578


Static
3

Direct coding
1	0	0	0	0	1	0	0	0	0	0	0	0	0	0	0	0	1	1	0	1	0	0	0	0	0	0	1	0	0	1	0	1	0	0	0	1	1	1	0	0	0	0	0	0	1	1	0	1	0	0	1	1	1	0	0	0	0	1	0	0	0	0	0	0	0	0	0	0	0	1	0	1	0	1	0	0	0	0	0	0	1	0	0	0	1	0	1	1	1	0	0	0	0	0	0	1	0	0	0	

Total weights
11911	12023	11383	11215	13214	

Status
1

Objective
14295


Dynamic
5

Direct coding
1	0	0	0	0	1	0	0	0	0	0	0	0	0	0	0	0	0	0	0	1	1	1	0	0	0	0	0	0	0	1	0	1	0	0	1	0	1	0	0	0	0	0	0	0	1	1	0	1	0	0	0	1	1	0	0	0	0	0	1	0	0	0	0	0	0	0	0	0	0	0	1	1	0	1	0	0	1	0	0	0	0	0	0	0	1	0	0	1	1	1	0	0	0	0	0	1	0	0	0	

Total weights
11927	12817	11413	12591	13276	

Status
1

Objective
14085


Dynamic
6

Direct coding
1	0	0	0	0	0	0	0	0	0	0	0	0	0	0	0	0	0	0	0	0	1	0	0	1	0	0	0	0	0	1	0	1	0	0	1	1	1	1	0	0	0	0	0	1	0	1	0	1	0	0	0	1	1	0	0	0	0	1	0	0	0	0	0	0	0	0	0	0	1	1	1	0	0	1	1	0	1	0	0	0	1	0	0	0	0	0	0	1	1	0	0	0	0	0	0	1	0	0	0	

Total weights
10665	10952	11513	12710	13373	

Status
1

Objective
13641


Dynamic
8

Direct coding
1	0	0	0	0	0	0	0	0	0	0	0	0	0	0	0	0	0	0	0	0	1	0	0	1	0	0	0	0	0	1	0	1	0	0	1	1	1	1	0	0	0	0	0	1	0	1	0	1	0	0	0	1	1	0	0	0	0	1	0	0	0	0	0	0	0	0	0	0	1	1	1	0	0	1	1	0	1	0	0	0	1	0	0	0	0	0	0	1	1	0	0	0	0	0	0	1	0	0	0	

Total weights
10665	10952	11513	12710	13373	

Status
1

Objective
13641


Static
8

Direct coding
1	1	0	0	0	0	0	0	0	0	0	0	0	0	0	0	0	0	0	0	0	1	0	0	1	0	0	0	0	0	1	0	1	0	0	1	1	1	1	0	0	0	0	0	1	0	1	0	1	0	0	1	1	1	0	0	0	0	1	0	0	0	0	0	0	0	0	0	0	0	1	1	0	0	1	1	0	1	0	0	0	0	0	0	0	0	0	0	1	1	0	0	0	0	0	0	1	0	0	0	

Total weights
10204	11557	11469	11460	13450	

Status
1

Objective
13246


Static
6

Direct coding
1	1	0	0	0	0	0	0	0	0	0	0	0	0	0	0	0	0	0	0	0	1	0	0	1	0	0	0	0	0	1	0	1	0	0	1	1	1	1	0	0	0	0	0	1	0	1	0	1	0	0	1	1	1	0	0	0	0	1	0	0	0	0	0	0	0	0	0	0	0	1	1	0	0	1	1	0	1	0	0	0	0	0	0	0	0	0	0	1	1	0	0	0	0	0	0	1	0	0	0	

Total weights
10204	11557	11469	11460	13450	

Status
1

Objective
13246


Static
5

Direct coding
1	0	0	0	0	1	0	0	0	0	0	0	0	0	0	0	0	0	0	0	1	0	1	0	0	0	0	0	0	0	1	0	1	0	0	1	0	1	0	0	0	0	0	0	0	1	1	0	1	0	0	1	1	1	0	0	0	0	0	1	0	0	0	0	0	0	0	0	0	0	0	1	1	0	1	0	0	1	0	0	0	0	0	0	0	0	0	0	1	1	1	0	0	0	0	0	1	0	0	0	

Total weights
11713	11810	11499	12510	12751	

Status
1

Objective
12834


Dynamic
3

Direct coding
1	0	0	0	0	1	0	0	0	0	0	0	0	0	0	0	0	1	1	0	1	0	0	0	0	0	0	1	0	0	1	0	1	0	0	1	1	1	1	0	0	0	0	0	0	1	1	0	1	0	0	0	1	1	0	0	0	0	1	0	0	0	0	0	0	0	0	0	0	0	1	0	1	0	1	0	0	0	0	0	0	0	0	0	0	0	0	1	1	1	0	0	0	0	0	0	1	0	0	0	

Total weights
11653	10789	11252	10433	13347	

Status
1

Objective
12805


Static
7

Direct coding
0	0	0	0	0	0	0	0	0	0	0	0	0	0	0	0	0	0	0	0	0	0	0	0	0	0	0	0	0	0	0	1	0	0	0	0	0	0	1	0	0	0	0	0	0	0	1	0	0	1	1	1	0	1	0	0	0	0	1	0	0	1	1	1	0	1	1	0	1	0	1	0	0	0	0	1	0	1	1	0	0	1	0	0	0	1	1	1	1	1	0	1	1	0	1	0	1	0	0	1	

Total weights
11490	13642	10807	12930	13402	

Status
1

Objective
20987


Static
9

Direct coding
0	0	0	1	0	0	0	1	1	0	1	0	0	0	0	0	0	0	0	0	0	0	0	1	0	0	1	0	0	1	0	1	0	0	0	0	0	0	0	1	0	1	0	0	0	0	0	0	0	0	0	0	0	0	1	0	0	0	0	0	1	1	0	0	1	0	0	0	0	0	0	0	0	1	0	0	1	0	1	1	1	0	0	0	1	0	0	0	0	0	0	0	1	0	1	0	0	0	1	0	

Total weights
11878	13387	11512	12351	13029	

Status
1

Objective
20987


Static
4

Direct coding
0	1	0	1	1	0	1	0	1	0	0	0	1	0	0	0	0	0	1	0	0	0	0	1	0	0	1	0	1	1	0	1	0	0	1	0	0	0	0	0	0	0	0	1	0	0	0	0	0	1	0	0	0	0	0	0	1	0	0	0	0	1	1	0	0	1	1	0	1	0	0	0	0	0	0	0	1	0	1	0	0	0	0	0	0	1	0	0	0	1	0	0	1	0	0	0	0	0	1	0	

Total weights
10272	13253	11534	11695	10431	

Status
1

Objective
20233


Dynamic
4

Direct coding
0	1	0	1	1	0	1	0	1	0	0	0	0	0	0	1	0	0	0	0	0	0	0	1	0	0	1	0	1	1	0	1	0	0	1	0	0	0	0	0	0	0	0	1	0	0	0	0	0	1	0	0	0	0	0	0	1	0	0	0	0	0	1	0	0	1	1	0	1	0	0	0	0	0	0	0	1	0	1	0	0	0	0	0	0	1	0	0	0	1	0	1	1	0	0	0	0	0	1	0	

Total weights
10842	12588	11514	11918	9631	

Status
1

Objective
19780


Dynamic
7

Direct coding
0	1	0	1	0	0	0	1	1	0	1	0	0	0	0	0	0	0	0	0	0	0	0	1	0	0	1	0	0	1	0	0	0	0	0	0	0	0	0	1	0	1	0	0	0	0	0	0	0	0	0	0	0	0	1	0	0	0	0	0	1	0	0	1	1	0	0	0	0	0	0	0	0	1	0	0	1	0	1	1	1	0	0	0	1	0	0	0	0	0	0	0	1	0	0	0	0	0	1	0	

Total weights
11919	13396	11498	11384	11837	

Status
1

Objective
19696


Dynamic
9

Direct coding
0	1	0	1	0	0	0	1	1	0	1	0	0	0	0	0	0	0	0	0	0	0	0	1	0	0	1	0	0	1	0	0	0	0	0	0	0	0	0	1	0	1	0	0	0	0	0	0	0	0	0	0	0	0	1	0	0	0	0	0	1	0	0	1	1	0	0	0	0	0	0	0	0	1	0	0	1	0	1	1	1	0	0	0	1	0	0	0	0	0	0	0	1	0	0	0	0	0	1	0	

Total weights
11919	13396	11498	11384	11837	

Status
1

Objective
19696


Static
2

Direct coding
0	0	0	1	0	0	0	0	0	0	1	0	0	0	0	1	0	0	0	0	0	0	0	0	0	0	1	0	0	0	0	0	0	0	1	0	0	0	0	1	0	1	1	0	0	0	0	1	0	0	0	0	0	0	1	0	1	0	0	0	1	0	0	0	0	0	0	0	0	0	0	0	0	0	0	0	1	0	0	1	1	0	1	0	1	0	0	0	0	0	0	1	0	0	0	0	0	0	1	0	

Total weights
11542	12240	11546	12903	11401	

Status
1

Objective
18166


Dynamic
2

Direct coding
0	0	0	1	0	0	0	0	0	0	1	0	0	0	0	1	0	0	0	0	0	0	0	0	0	0	1	0	0	0	0	0	0	0	1	0	0	0	0	1	0	1	1	0	0	0	0	1	0	0	0	0	0	0	1	0	1	0	0	0	1	0	0	0	0	0	0	0	0	0	0	0	0	0	0	0	1	0	0	1	1	0	1	0	1	0	0	0	0	0	0	1	0	0	0	0	0	0	1	0	

Total weights
11542	12240	11546	12903	11401	

Status
1

Objective
18166


Dynamic
1

Direct coding
0	0	0	0	0	0	0	0	0	1	0	1	0	0	0	0	0	0	0	0	0	0	0	0	1	0	0	1	0	0	0	0	1	0	0	1	0	0	0	0	0	0	0	0	0	0	0	0	0	0	0	0	0	1	0	0	0	0	0	0	0	0	1	0	0	0	0	0	0	1	0	0	1	0	0	0	1	0	1	0	1	1	0	1	1	0	0	1	0	1	0	0	1	1	0	1	0	0	1	0	

Total weights
11152	11407	7783	13043	12368	

Status
1

Objective
14833


Static
3

Direct coding
1	0	0	0	0	1	0	0	0	0	0	0	0	0	0	0	0	1	1	0	1	0	0	0	0	0	0	1	0	0	1	0	1	0	0	0	1	1	1	0	0	0	0	0	0	1	1	0	1	0	0	1	1	1	0	0	0	0	1	0	0	0	0	0	0	0	0	0	0	0	1	0	1	0	1	0	0	0	0	0	0	1	0	0	0	1	0	1	1	1	0	0	0	0	0	0	1	0	0	0	

Total weights
11911	12023	11383	11215	13214	

Status
1

Objective
14295


Dynamic
5

Direct coding
1	0	0	0	0	1	0	0	0	0	0	0	0	0	0	0	0	0	0	0	1	1	1	0	0	0	0	0	0	0	1	0	1	0	0	1	0	1	0	0	0	0	0	0	0	1	1	0	1	0	0	0	1	1	0	0	0	0	0	1	0	0	0	0	0	0	0	0	0	0	0	1	1	0	1	0	0	1	0	0	0	0	0	0	0	1	0	0	1	1	1	0	0	0	0	0	1	0	0	0	

Total weights
11927	12817	11413	12591	13276	

Status
1

Objective
14085


Dynamic
6

Direct coding
1	0	0	0	0	0	0	0	0	0	0	0	0	0	0	0	0	0	0	0	0	1	0	0	1	0	0	0	0	0	1	0	1	0	0	1	1	1	1	0	0	0	0	0	1	0	1	0	1	0	0	0	1	1	0	0	0	0	1	0	0	0	0	0	0	0	0	0	0	1	1	1	0	0	1	1	0	1	0	0	0	1	0	0	0	0	0	0	1	1	0	0	0	0	0	0	1	0	0	0	

Total weights
10665	10952	11513	12710	13373	

Status
1

Objective
13641


Dynamic
8

Direct coding
1	0	0	0	0	0	0	0	0	0	0	0	0	0	0	0	0	0	0	0	0	1	0	0	1	0	0	0	0	0	1	0	1	0	0	1	1	1	1	0	0	0	0	0	1	0	1	0	1	0	0	0	1	1	0	0	0	0	1	0	0	0	0	0	0	0	0	0	0	1	1	1	0	0	1	1	0	1	0	0	0	1	0	0	0	0	0	0	1	1	0	0	0	0	0	0	1	0	0	0	

Total weights
10665	10952	11513	12710	13373	

Status
1

Objective
13641


Static
8

Direct coding
1	1	0	0	0	0	0	0	0	0	0	0	0	0	0	0	0	0	0	0	0	1	0	0	1	0	0	0	0	0	1	0	1	0	0	1	1	1	1	0	0	0	0	0	1	0	1	0	1	0	0	1	1	1	0	0	0	0	1	0	0	0	0	0	0	0	0	0	0	0	1	1	0	0	1	1	0	1	0	0	0	0	0	0	0	0	0	0	1	1	0	0	0	0	0	0	1	0	0	0	

Total weights
10204	11557	11469	11460	13450	

Status
1

Objective
13246


Static
6

Direct coding
1	1	0	0	0	0	0	0	0	0	0	0	0	0	0	0	0	0	0	0	0	1	0	0	1	0	0	0	0	0	1	0	1	0	0	1	1	1	1	0	0	0	0	0	1	0	1	0	1	0	0	1	1	1	0	0	0	0	1	0	0	0	0	0	0	0	0	0	0	0	1	1	0	0	1	1	0	1	0	0	0	0	0	0	0	0	0	0	1	1	0	0	0	0	0	0	1	0	0	0	

Total weights
10204	11557	11469	11460	13450	

Status
1

Objective
13246


Static
5

Direct coding
1	0	0	0	0	1	0	0	0	0	0	0	0	0	0	0	0	0	0	0	1	0	1	0	0	0	0	0	0	0	1	0	1	0	0	1	0	1	0	0	0	0	0	0	0	1	1	0	1	0	0	1	1	1	0	0	0	0	0	1	0	0	0	0	0	0	0	0	0	0	0	1	1	0	1	0	0	1	0	0	0	0	0	0	0	0	0	0	1	1	1	0	0	0	0	0	1	0	0	0	

Total weights
11713	11810	11499	12510	12751	

Status
1

Objective
12834


Dynamic
3

Direct coding
1	0	0	0	0	1	0	0	0	0	0	0	0	0	0	0	0	1	1	0	1	0	0	0	0	0	0	1	0	0	1	0	1	0	0	1	1	1	1	0	0	0	0	0	0	1	1	0	1	0	0	0	1	1	0	0	0	0	1	0	0	0	0	0	0	0	0	0	0	0	1	0	1	0	1	0	0	0	0	0	0	0	0	0	0	0	0	1	1	1	0	0	0	0	0	0	1	0	0	0	

Total weights
11653	10789	11252	10433	13347	

Status
1

Objective
12805


Static
1

Direct coding
0	0	0	0	0	0	0	0	0	1	0	1	0	0	0	0	0	0	0	0	0	0	0	0	1	0	0	1	0	0	0	0	1	0	0	1	0	0	0	0	0	0	0	0	0	0	1	0	0	0	0	0	0	1	0	0	0	0	0	0	0	0	1	0	0	0	0	0	0	1	0	0	1	0	0	0	1	0	0	0	1	1	0	1	1	0	0	0	0	1	0	0	1	1	0	1	0	0	0	0	

Total weights
9637	9531	7474	13053	11613	

Status
1

Objective
12058

