Dynamic
4

Direct coding
0	0	0	0	0	0	0	1	0	1	1	0	1	0	1	1	0	0	1	1	0	0	1	0	0	0	0	0	0	0	1	0	0	0	0	0	0	1	1	0	0	0	0	0	0	1	0	0	1	0	1	1	0	0	0	1	1	0	0	1	0	1	1	0	0	0	0	0	0	0	1	0	0	0	1	0	1	0	0	0	0	0	1	0	0	0	0	0	1	0	1	0	0	0	0	0	0	0	0	0	

Total weights
13248	12098	12970	13326	12889	

Status
1

Objective
23705


Static
4

Direct coding
0	0	0	0	0	0	0	1	0	1	1	0	1	0	1	1	0	0	1	1	0	0	1	0	0	0	0	0	0	0	1	0	0	0	0	0	1	1	1	0	0	0	0	0	0	1	0	0	1	0	0	1	0	0	0	1	1	0	0	1	0	1	1	0	0	0	0	0	0	0	1	0	0	0	0	0	1	0	0	0	0	0	1	0	0	0	1	0	1	0	1	0	0	0	0	0	0	0	0	0	

Total weights
12391	12335	13012	12731	11535	

Status
1

Objective
22150


Static
2

Direct coding
0	0	0	0	0	0	0	1	0	0	1	0	1	0	1	1	0	0	0	0	0	0	0	0	0	0	1	0	0	0	0	0	0	1	0	1	0	1	1	1	0	0	1	0	0	1	0	0	0	0	1	0	0	1	0	0	0	0	0	0	0	1	0	0	0	0	0	0	0	0	1	0	0	0	1	0	0	0	0	0	1	0	0	0	0	0	0	0	0	0	0	1	0	0	0	0	0	0	0	1	

Total weights
12800	11994	12590	13196	12923	

Status
1

Objective
20588


Dynamic
2

Direct coding
0	0	0	0	0	0	0	1	0	0	1	0	1	0	1	1	0	0	0	0	0	0	0	0	0	0	1	0	0	0	0	0	0	1	0	1	0	1	1	1	0	0	1	0	0	1	0	0	0	0	1	0	0	1	0	0	0	0	0	0	0	1	0	0	0	0	0	0	0	0	1	0	0	0	1	0	0	0	0	0	1	0	0	0	0	0	0	0	0	0	0	1	0	0	0	0	0	0	0	1	

Total weights
12800	11994	12590	13196	12923	

Status
1

Objective
20588


Static
3

Direct coding
0	1	0	0	1	0	1	0	0	0	0	1	0	1	0	0	0	0	0	1	0	0	0	0	1	0	0	0	1	0	1	0	1	0	1	0	0	0	0	0	1	0	0	0	0	0	0	1	0	0	0	0	1	0	0	0	0	1	0	0	1	0	0	0	1	0	1	1	1	0	0	0	1	0	0	0	0	1	0	1	0	1	0	1	0	1	1	0	0	0	0	0	0	0	0	0	1	1	0	0	

Total weights
13386	11568	12897	13079	12590	

Status
1

Objective
15357


Dynamic
5

Direct coding
0	1	0	1	0	0	1	0	0	0	0	1	0	0	0	0	0	0	0	0	0	1	1	0	1	1	0	0	1	1	0	0	1	0	0	0	1	0	0	0	1	0	0	0	0	0	0	0	0	0	0	0	1	0	1	0	0	1	0	0	1	0	0	0	1	0	1	1	1	0	0	0	1	0	0	0	0	1	0	0	0	0	0	1	0	1	0	0	0	0	0	0	0	0	0	0	1	1	0	0	

Total weights
12048	11178	12760	13405	12994	

Status
1

Objective
14878


Dynamic
6

Direct coding
0	1	0	1	0	0	1	0	0	0	0	1	0	0	0	0	0	0	0	0	0	1	1	0	1	1	0	0	1	1	0	0	1	0	0	0	1	0	0	0	1	0	0	0	0	0	0	0	0	0	0	0	1	0	1	0	0	1	0	0	1	0	0	0	1	0	1	1	1	0	0	0	1	0	0	0	0	1	0	0	0	0	0	1	0	1	0	0	0	0	0	0	0	0	0	0	1	1	0	0	

Total weights
12048	11178	12760	13405	12994	

Status
1

Objective
14878


Dynamic
3

Direct coding
0	1	0	0	1	0	1	0	0	0	0	1	0	1	0	0	0	0	0	1	0	0	0	0	1	1	0	0	1	0	0	0	1	0	0	0	0	0	0	0	1	0	0	0	0	0	0	1	0	0	0	0	1	0	0	0	0	1	0	0	1	0	0	0	1	0	1	1	1	0	0	0	1	0	0	0	0	1	0	1	0	1	0	1	0	1	1	0	0	0	0	0	0	0	0	0	1	1	0	0	

Total weights
12362	11107	12795	13240	12654	

Status
1

Objective
14641


Static
1

Direct coding
0	0	1	1	1	0	0	0	1	0	0	0	0	0	1	0	0	0	1	0	0	0	0	1	0	1	0	0	1	0	0	1	1	1	0	0	0	0	0	0	1	0	0	0	0	0	0	0	0	0	1	0	0	0	0	1	0	0	0	0	0	0	0	1	1	0	0	0	0	0	0	0	0	0	1	1	0	0	0	0	0	0	0	0	0	0	0	0	0	1	0	0	0	0	1	0	0	0	0	0	

Total weights
9678	11594	9417	12954	13049	

Status
1

Objective
13948


Static
6

Direct coding
0	1	0	1	0	0	1	0	0	0	0	1	0	0	0	0	0	0	0	0	0	0	0	0	1	1	0	0	1	1	0	0	1	0	1	0	1	0	0	0	1	0	0	0	0	0	0	0	0	0	0	0	1	0	1	0	0	1	0	0	1	0	0	0	1	0	1	1	1	0	0	0	1	0	0	0	0	1	0	0	0	0	0	1	0	1	0	0	0	0	0	0	0	0	0	0	1	1	0	0	

Total weights
11911	11127	11379	13415	11917	

Status
1

Objective
13152


Static
5

Direct coding
0	1	0	1	0	0	1	0	0	0	0	1	0	0	0	0	0	0	0	0	0	0	0	0	1	1	0	0	1	1	0	0	1	0	1	0	1	0	0	0	1	0	0	0	0	0	0	0	0	0	0	0	1	0	1	0	0	1	0	0	1	0	0	0	1	0	1	1	1	0	0	0	1	0	0	0	0	1	0	0	0	0	0	1	0	1	0	0	0	0	0	0	0	0	0	0	1	1	0	0	

Total weights
11911	11127	11379	13415	11917	

Status
1

Objective
13152


Dynamic
1

Direct coding
0	0	1	1	1	0	0	0	1	0	0	0	0	0	1	0	0	0	1	0	0	0	0	1	0	1	0	0	1	0	0	1	0	1	0	0	0	0	0	0	1	0	0	0	0	0	0	0	0	0	1	0	0	0	0	1	0	0	0	0	1	0	0	1	1	0	0	0	0	0	0	0	0	0	1	0	0	0	0	0	0	0	0	0	0	0	0	0	0	1	0	0	0	0	1	0	0	0	0	0	

Total weights
8435	10658	9522	13416	12010	

Status
1

Objective
12656

