Dynamic
4

Direct coding
0	0	0	0	1	0	0	1	0	0	0	1	1	1	0	0	0	0	0	1	0	0	1	1	1	0	0	1	1	0	1	0	0	1	1	1	0	1	0	1	1	0	1	1	0	0	1	1	1	1	1	1	0	0	1	1	0	1	1	0	0	1	0	0	1	0	0	0	1	1	0	0	0	1	0	0	1	0	1	0	0	1	0	1	0	1	1	1	0	1	1	0	0	1	0	0	1	1	1	1	

Total weights
22216	22705	24865	23203	25872	

Status
1

Objective
40362


Static
4

Direct coding
0	0	0	0	1	0	1	1	0	0	0	1	1	1	0	0	0	0	0	1	0	0	1	1	1	0	1	0	1	0	1	0	0	1	1	1	0	1	0	1	1	0	1	1	0	1	1	1	1	1	1	0	0	0	1	1	0	1	1	0	0	1	0	0	1	0	0	0	1	1	0	0	0	1	0	0	1	0	1	0	0	1	0	1	0	1	1	1	0	1	1	0	0	1	0	0	0	1	1	1	

Total weights
21811	21932	24426	22127	25869	

Status
1

Objective
38754


Static
2

Direct coding
0	0	0	0	0	0	1	1	0	0	0	0	1	1	0	0	0	0	0	0	0	0	0	1	1	1	0	1	0	1	1	0	1	0	0	0	0	1	0	1	1	0	1	1	0	0	1	1	1	0	1	0	0	0	1	1	0	1	0	0	0	1	0	1	1	1	0	0	0	1	1	0	0	1	0	0	0	0	1	0	0	1	0	1	1	1	1	1	0	0	1	0	0	0	0	0	1	1	0	1	

Total weights
20848	22062	25239	22519	22732	

Status
1

Objective
34569


Dynamic
2

Direct coding
0	0	0	0	0	0	1	1	0	0	0	0	1	1	0	0	0	0	0	0	0	0	0	1	1	1	0	1	0	1	1	0	1	0	0	0	0	1	0	1	1	0	1	1	0	0	1	1	1	0	1	0	0	0	1	1	0	1	0	0	0	1	0	1	1	1	0	0	0	1	1	0	0	1	0	0	0	0	1	0	0	1	0	1	1	1	1	1	0	0	1	0	0	0	0	0	1	1	0	1	

Total weights
20848	22062	25239	22519	22732	

Status
1

Objective
34569


Dynamic
1

Direct coding
0	1	1	0	1	0	0	0	1	1	1	1	1	0	1	1	0	0	1	0	1	0	0	1	0	1	0	1	1	0	0	1	1	1	0	0	1	0	1	0	1	0	1	0	0	1	0	1	0	0	1	0	1	0	0	1	0	0	0	1	1	0	0	1	1	0	0	0	1	0	0	0	1	1	1	1	0	1	0	0	1	1	0	0	0	0	1	0	1	1	0	0	0	0	1	0	0	0	0	1	

Total weights
22957	23130	21607	23575	22470	

Status
1

Objective
30546


Static
1

Direct coding
0	1	1	1	1	0	0	0	1	1	1	1	0	0	1	1	0	0	1	0	1	0	0	1	0	1	0	1	1	0	0	1	1	1	0	0	1	0	1	0	1	0	1	0	0	1	0	1	0	0	1	0	1	0	0	1	0	0	0	1	1	0	0	1	1	0	0	0	1	0	0	0	1	1	1	1	0	1	0	0	1	1	0	0	0	0	1	0	1	1	0	0	0	0	1	0	0	0	0	1	

Total weights
22167	23099	22006	23592	22098	

Status
1

Objective
29816


Static
5

Direct coding
1	1	1	1	0	1	0	1	1	1	1	1	0	1	1	1	1	1	1	1	0	1	0	0	0	0	0	0	0	1	0	1	0	1	1	0	1	0	0	0	0	1	0	0	1	1	0	0	0	1	0	1	1	1	0	0	1	0	1	1	1	0	0	0	0	0	1	1	0	1	0	1	1	0	1	0	0	1	0	1	1	0	1	0	0	0	0	0	1	0	0	1	1	1	1	1	1	0	0	0	

Total weights
23970	20621	23348	24212	24851	

Status
1

Objective
28597


Dynamic
5

Direct coding
1	1	1	1	0	1	0	1	1	1	1	1	0	1	1	1	1	1	1	1	0	1	0	0	0	0	0	0	0	1	0	1	0	1	1	0	1	0	0	0	0	1	0	0	1	1	0	0	0	1	0	1	1	1	0	0	1	0	1	1	1	0	0	0	0	0	1	1	0	1	0	1	1	0	1	0	0	1	0	1	1	0	1	0	0	0	0	0	1	0	0	1	1	1	1	1	1	0	0	0	

Total weights
23970	20621	23348	24212	24851	

Status
1

Objective
28597


Static
6

Direct coding
1	1	1	1	0	1	0	1	1	1	1	1	0	1	1	1	1	1	1	1	0	1	0	0	0	0	0	0	0	1	0	1	0	1	1	0	1	0	0	0	0	1	0	0	1	1	0	0	0	1	0	1	1	1	0	0	1	0	1	1	1	0	0	0	0	0	1	1	0	1	0	1	1	0	1	0	0	1	0	1	1	0	1	0	0	0	0	0	1	0	0	1	1	1	1	1	1	0	0	0	

Total weights
23970	20621	23348	24212	24851	

Status
1

Objective
28597


Dynamic
6

Direct coding
1	1	1	1	0	1	0	1	1	1	1	1	0	1	1	1	1	1	1	1	0	1	0	0	0	0	0	0	0	1	0	1	0	1	1	0	1	0	0	0	0	1	0	0	1	1	0	0	0	1	0	1	1	1	0	0	1	0	1	1	1	0	0	0	0	0	1	1	0	1	0	1	1	0	1	0	0	1	0	1	1	0	1	0	0	0	0	0	1	0	0	1	1	1	1	1	1	0	0	0	

Total weights
23970	20621	23348	24212	24851	

Status
1

Objective
28597


Static
3

Direct coding
1	1	1	1	0	1	0	0	1	1	1	1	0	0	1	1	1	1	1	1	1	1	0	0	0	0	1	0	0	1	0	0	0	1	1	1	1	0	1	0	0	1	0	0	0	1	0	0	0	1	0	1	1	1	0	0	1	0	1	1	1	0	1	0	0	0	1	1	0	0	0	1	1	0	1	0	1	1	0	1	1	0	1	0	0	0	0	0	1	1	0	1	1	1	1	1	0	0	0	0	

Total weights
23990	21024	22242	23322	24079	

Status
1

Objective
27800


Dynamic
3

Direct coding
1	1	1	0	0	1	0	0	1	1	1	1	0	0	1	1	1	1	1	1	1	1	0	0	0	0	1	0	0	1	0	0	0	1	1	1	1	0	1	0	0	1	0	0	0	1	0	0	0	1	0	1	1	1	0	0	1	0	1	1	1	0	1	0	0	0	1	1	0	1	0	1	1	0	1	0	1	1	0	1	1	0	1	0	0	0	0	0	1	0	0	1	1	1	1	1	0	0	0	0	

Total weights
23977	20668	21160	23802	24289	

Status
1

Objective
27326

