Static
4

Direct coding
1	0	1	1	0	0	0	1	1	1	1	0	1	0	0	1	0	1	1	1	0	0	0	0	1	1	0	1	0	0	0	1	1	0	1	1	1	1	1	1	1	0	1	0	1	0	1	0	0	1	1	0	1	1	0	1	0	1	0	1	0	0	0	0	0	1	0	1	0	0	1	1	0	1	1	0	1	0	0	1	1	0	1	1	1	0	1	0	0	0	0	1	1	1	0	0	0	0	1	1	

Total weights
24035	23187	25985	24978	23604	

Status
1

Objective
41331


Dynamic
4

Direct coding
1	0	1	1	0	0	0	1	1	1	1	0	1	0	0	1	0	1	1	1	0	0	0	0	1	1	0	1	0	0	0	1	1	0	1	1	1	1	1	1	1	0	1	0	1	0	1	0	0	1	1	0	1	1	0	1	0	1	0	1	0	0	0	0	0	1	0	1	0	0	1	1	0	1	1	0	1	0	0	1	1	0	1	1	1	0	1	0	0	0	0	1	1	1	0	0	0	0	1	1	

Total weights
24035	23187	25985	24978	23604	

Status
1

Objective
41331


Static
2

Direct coding
1	0	1	1	0	1	0	1	1	0	0	1	1	0	0	0	0	1	1	0	0	0	0	0	1	0	1	0	1	0	0	0	1	0	1	0	0	1	0	0	0	0	1	0	0	0	1	0	0	0	0	0	0	0	0	0	1	1	0	1	0	0	0	0	0	0	0	0	1	0	0	1	0	0	1	0	1	0	0	1	1	0	1	1	1	1	1	1	1	0	0	0	1	1	0	1	1	1	1	1	

Total weights
23867	23430	26083	25357	23050	

Status
1

Objective
37822


Dynamic
2

Direct coding
1	0	1	1	0	1	0	1	1	0	0	1	1	0	0	0	0	1	1	0	0	0	0	0	1	0	1	0	1	0	0	0	1	0	1	0	0	1	0	0	0	0	1	0	0	0	1	0	0	0	0	0	0	0	0	0	1	1	0	1	0	0	0	0	0	0	0	0	1	0	0	1	0	0	1	0	1	0	0	1	1	0	1	1	1	1	1	1	1	0	0	0	1	1	0	1	1	1	1	1	

Total weights
23867	23430	26083	25357	23050	

Status
1

Objective
37822


Dynamic
1

Direct coding
0	1	1	1	1	0	0	0	1	1	1	1	0	0	1	1	0	0	1	0	1	0	0	1	0	1	0	1	1	0	0	1	1	1	0	0	1	1	1	0	1	0	1	0	0	1	0	1	0	0	1	0	1	0	0	1	0	0	0	1	1	0	0	0	1	0	0	1	1	0	0	0	1	0	1	1	1	1	0	0	1	1	0	0	0	0	1	0	1	1	0	0	1	0	1	1	0	0	0	1	

Total weights
21543	24242	25962	25204	21233	

Status
1

Objective
33594


Dynamic
3

Direct coding
0	1	0	0	1	0	1	0	0	1	0	0	0	1	0	1	1	0	0	1	1	1	1	1	0	1	0	1	0	1	1	1	0	1	0	1	1	0	1	1	1	1	0	1	1	1	0	1	1	1	1	1	1	1	1	1	0	0	1	0	1	1	1	0	1	1	1	1	1	1	1	0	1	1	0	0	0	1	1	1	0	1	0	0	0	0	0	0	0	1	1	1	0	0	1	0	0	0	0	0	

Total weights
23625	24330	24827	25287	24171	

Status
1

Objective
33510


Static
1

Direct coding
0	1	1	1	1	0	0	0	1	1	1	1	0	0	1	1	0	0	1	1	1	0	0	1	0	1	0	1	1	0	1	1	1	1	0	0	1	1	1	0	1	0	1	0	0	1	0	1	0	0	1	0	1	0	0	1	0	0	0	1	1	0	0	1	1	0	0	1	1	0	0	0	1	0	1	1	0	1	0	0	1	1	0	0	0	0	1	0	1	1	0	0	1	0	1	0	0	0	0	1	

Total weights
21462	24034	26089	25595	20799	

Status
1

Objective
33371


Static
3

Direct coding
0	1	0	0	1	0	1	0	0	1	0	0	0	1	0	1	1	0	0	1	1	1	1	1	0	1	0	1	0	1	1	1	0	1	0	1	1	0	1	1	1	1	0	1	1	0	0	1	1	1	1	1	1	1	1	1	0	0	1	0	1	1	1	1	1	1	1	1	0	0	1	0	1	1	0	1	0	1	1	1	0	1	0	0	0	0	0	0	0	1	1	1	0	0	1	0	0	0	0	0	

Total weights
24043	23175	23534	23664	24017	

Status
1

Objective
31373


Static
5

Direct coding
0	1	0	0	1	0	1	0	0	1	1	1	0	1	0	1	1	0	0	0	1	1	1	1	0	0	0	0	1	1	1	0	0	1	0	0	1	0	1	0	0	1	0	1	1	1	0	1	0	0	0	1	1	0	1	0	1	0	1	0	1	1	1	1	1	1	1	1	1	1	0	0	1	0	0	0	0	1	1	1	0	1	0	0	0	0	0	0	0	1	1	1	1	0	1	0	1	1	0	0	

Total weights
23303	23093	24946	24703	24301	

Status
1

Objective
30306


Dynamic
5

Direct coding
0	1	0	0	1	0	1	0	0	1	1	1	0	1	0	1	1	0	0	0	1	1	1	1	0	0	0	0	1	1	1	0	0	1	0	0	1	0	1	0	0	1	0	1	1	1	0	1	0	0	0	1	1	0	1	0	1	0	1	0	1	1	1	1	1	1	1	1	1	1	0	0	1	0	0	0	0	1	1	1	0	1	0	0	0	0	0	0	0	1	1	1	1	0	1	0	1	1	0	0	

Total weights
23303	23093	24946	24703	24301	

Status
1

Objective
30306


Static
6

Direct coding
0	1	0	0	1	0	1	0	0	1	1	1	0	1	0	1	1	0	0	0	1	1	1	1	0	0	0	0	1	1	1	0	0	1	0	0	1	0	1	0	0	1	0	1	1	1	0	1	0	0	0	1	1	0	1	0	1	0	1	0	1	1	1	1	1	1	1	1	1	1	0	0	1	0	0	0	0	1	1	1	0	1	0	0	0	0	0	0	0	1	1	1	1	0	1	0	1	1	0	0	

Total weights
23303	23093	24946	24703	24301	

Status
1

Objective
30306


Dynamic
6

Direct coding
0	1	0	0	1	0	1	0	0	1	1	1	0	1	0	1	1	0	0	0	1	1	1	1	0	0	0	0	1	1	1	0	0	1	0	0	1	0	1	0	0	1	0	1	1	1	0	1	0	0	0	1	1	0	1	0	1	0	1	0	1	1	1	1	1	1	1	1	1	1	0	0	1	0	0	0	0	1	1	1	0	1	0	0	0	0	0	0	0	1	1	1	1	0	1	0	1	1	0	0	

Total weights
23303	23093	24946	24703	24301	

Status
1

Objective
30306

